0.28352
0.279772
0.276019
0.272263
0.268502
0.264737
0.260968
0.257212
0.253436
0.249655
0.245871
0.242083
0.238291
0.234495
0.230696
0.226896
0.22309
0.21928
0.215467
0.211651
0.207832
0.20401
0.200184
0.196492
0.19266
0.188825
0.184988
0.181148
0.177305
0.17346
0.169611
0.165762
0.161909
0.158053
0.154195
0.150334
0.146471
0.142606
0.138739
0.134886
0.131015
0.127141
0.123266
0.119389
0.115509
0.111629
0.107746
0.103864
0.0999778
0.0960904
0.0922015
0.0883115
0.0844198
0.0805269
0.0767602
0.0728649
0.0689685
0.0650711
0.0611729
0.0572735
0.0533733
0.0494722
0.0455725
0.04167
0.0377669
0.0338632
0.0299592
0.0260545
0.0221494
0.0182439
0.0143556
0.0104497
0.00654363
0.00263743
-0.00166087
-0.00556709
-0.00947319
-0.0133792
-0.0172675
-0.0211731
-0.0250782
-0.028983
-0.0328871
-0.036791
-0.0406943
-0.044597
-0.0484968
-0.0523981
-0.0562985
-0.0601981
-0.0640966
-0.0679943
-0.0718909
-0.0757865
-0.0795535
-0.0834467
-0.0873387
-0.0912293
-0.0951183
-0.0990061
-0.102892
-0.106777
-0.110658
-0.114539
-0.118419
-0.122297
-0.126173
-0.130047
-0.133919
-0.137789
-0.141639
-0.145505
-0.149369
-0.15323
-0.157089
-0.160945
-0.164799
-0.168651
-0.172498
-0.176344
-0.180188
-0.184029
-0.187866
-0.191702
-0.195534
-0.199363
-0.203053
-0.206877
-0.210697
-0.214514
-0.218327
-0.222137
-0.225944
-0.229748
-0.233546
-0.237342
-0.241135
-0.244924
-0.248709
-0.252491
-0.256269
-0.260042
-0.263795
-0.267561
-0.271323
-0.275081
-0.278834
-0.282583
-0.286328
-0.290068
-0.293802
-0.297534
-0.301261
-0.304983
-0.308701
-0.312414
-0.316333
-0.320036
-0.323735
-0.327428
-0.331116
-0.334799
-0.338478
-0.342149
-0.345817
-0.349479
-0.353136
-0.356788
-0.360435
-0.364075
-0.367711
-0.371324
-0.374948
-0.378567
-0.382179
-0.385786
-0.389387
-0.392982
-0.396571
-0.400152
-0.403729
-0.407299
-0.410864
-0.414421
-0.417973
-0.421519
-0.425058
-0.428465
-0.431991
-0.435511
-0.439024
-0.44253
-0.446029
-0.449522
-0.453008
-0.456485
-0.459957
-0.463422
-0.46688
-0.47033
-0.473774
-0.47721
-0.480639
-0.484046
-0.48746
-0.490867
-0.494267
-0.497659
-0.501043
-0.50442
-0.507789
-0.511148
-0.514502
-0.517847
-0.521185
-0.524514
-0.527836
-0.53115
-0.534456
-0.537645
-0.540935
-0.544216
-0.547489
-0.550753
-0.554009
-0.557257
-0.560496
-0.563725
-0.566947
-0.570161
-0.573366
-0.576561
-0.579749
-0.582927
-0.586096
-0.589243
-0.592394
-0.595537
-0.59867
-0.601794
-0.60491
-0.608016
-0.611112
-0.614198
-0.617276
-0.620344
-0.623403
-0.626452
-0.629492
-0.632523
-0.635544
-0.638447
-0.641449
-0.644441
-0.647423
-0.650395
-0.653357
-0.656309
-0.659252
-0.662182
-0.665104
-0.668016
-0.670918
-0.673809
-0.67669
-0.679561
-0.682422
-0.685259
-0.688099
-0.690928
-0.693746
-0.696554
-0.699352
-0.702138
-0.704914
-0.707914
-0.710668
-0.71341
-0.716142
-0.718863
-0.721573
-0.724272
-0.72696
-0.729625
-0.73229
-0.734945
-0.737588
-0.74022
-0.742841
-0.74545
-0.748048
-0.750633
-0.753209
-0.755772
-0.758325
-0.760865
-0.763394
-0.765911
-0.768417
-0.770822
-0.773305
-0.775775
-0.778234
-0.780681
-0.783117
-0.78554
-0.787951
-0.790349
-0.792736
-0.795111
-0.797474
-0.799825
-0.802163
-0.804489
-0.806803
-0.809095
-0.811384
-0.813661
-0.815926
-0.818178
-0.820418
-0.822645
-0.82486
-0.82706
-0.82925
-0.831427
-0.833591
-0.835742
-0.83788
-0.840006
-0.842119
-0.844151
-0.846239
-0.848314
-0.850375
-0.852424
-0.85446
-0.856483
-0.858493
-0.860488
-0.862472
-0.864442
-0.866399
-0.868343
-0.870274
-0.872191
-0.874095
-0.875978
-0.877855
-0.879719
-0.88157
-0.883407
-0.885231
-0.887041
-0.888838
-0.89062
-0.89239
-0.894145
-0.895888
-0.897616
-0.899331
-0.901033
-0.90272
-0.904751
-0.906408
-0.908051
-0.90968
-0.911295
-0.912897
-0.914484
-0.916058
-0.917616
-0.919162
-0.920693
-0.922211
-0.923714
-0.925204
-0.926679
-0.92814
-0.929581
-0.931013
-0.932432
-0.933836
-0.935227
-0.936602
-0.937964
-0.939311
-0.940643
-0.941962
-0.943266
-0.944556
-0.945831
-0.947092
-0.948339
-0.949334
-0.950554
-0.95176
-0.952951
-0.954128
-0.95529
-0.956438
-0.95757
-0.958689
-0.959793
-0.960882
-0.961957
-0.963016
-0.964061
-0.965092
-0.966103
-0.967104
-0.96809
-0.969062
-0.970019
-0.970961
-0.971888
-0.9728
-0.973697
-0.97458
-0.975447
-0.9763
-0.977138
-0.977961
-0.978769
-0.979562
-0.980505
-0.981265
-0.982011
-0.982741
-0.983456
-0.984156
-0.984841
-0.985511
-0.986166
-0.986806
-0.987431
-0.98804
-0.988635
-0.989215
-0.989779
-0.990329
-0.990861
-0.99138
-0.991885
-0.992374
-0.992848
-0.993306
-0.99375
-0.994178
-0.994591
-0.99499
-0.995373
-0.99574
-0.996093
-0.99643
-0.996752
-0.997059
-0.997342
-0.997619
-0.997881
-0.998127
-0.998358
-0.998574
-0.998775
-0.998961
-0.999131
-0.999286
-0.999426
-0.999551
-0.99966
-0.999755
-0.999833
-0.999897
-0.999945
-0.999978
-0.999996
-1
-0.999989
-0.999964
-0.999923
-0.999867
-0.999796
-0.999709
-0.999608
-0.999491
-0.999358
-0.999211
-0.999048
-0.99887
-0.998677
-0.998468
-0.998245
-0.998006
-0.997752
-0.997482
-0.997198
-0.996908
-0.996593
-0.996263
-0.995918
-0.995558
-0.995183
-0.994792
-0.994387
-0.993966
-0.99353
-0.993079
-0.992612
-0.992131
-0.991634
-0.991122
-0.990596
-0.990056
-0.989499
-0.988927
-0.98834
-0.987737
-0.98712
-0.986487
-0.98584
-0.985178
-0.9845
-0.983808
-0.9831
-0.982377
-0.98164
-0.980887
-0.98012
-0.979168
-0.978367
-0.977551
-0.976721
-0.975875
-0.975015
-0.97414
-0.97325
-0.972346
-0.971426
-0.970492
-0.969542
-0.968578
-0.967599
-0.966606
-0.965597
-0.964579
-0.963541
-0.962488
-0.961421
-0.960339
-0.959243
-0.958132
-0.957006
-0.955866
-0.954711
-0.953542
-0.952358
-0.951159
-0.949946
-0.948718
-0.947717
-0.946464
-0.945195
-0.943913
-0.942616
-0.941304
-0.939979
-0.938639
-0.937285
-0.935916
-0.934533
-0.933136
-0.931724
-0.930299
-0.928859
-0.927411
-0.925943
-0.924461
-0.922964
-0.921454
-0.919929
-0.918391
-0.916838
-0.915273
-0.913692
-0.912097
-0.910489
-0.908867
-0.907231
-0.905581
-0.903917
-0.901878
-0.900184
-0.898475
-0.896754
-0.895018
-0.893269
-0.891506
-0.889731
-0.887941
-0.886138
-0.884321
-0.88249
-0.880646
-0.878789
-0.876918
-0.875042
-0.873145
-0.871234
-0.86931
-0.867373
-0.865422
-0.863459
-0.861482
-0.859493
-0.857489
-0.855473
-0.853444
-0.851401
-0.849346
-0.847278
-0.845196
-0.843171
-0.841065
-0.838945
-0.836813
-0.834668
-0.83251
-0.83034
-0.828157
-0.825962
-0.823754
-0.821533
-0.819299
-0.817054
-0.814795
-0.812524
-0.810241
-0.807956
-0.805648
-0.803328
-0.800995
-0.798651
-0.796294
-0.793925
-0.791544
-0.789152
-0.786747
-0.78433
-0.7819
-0.779459
-0.777007
-0.774542
-0.772065
-0.769665
-0.767165
-0.764654
-0.762131
-0.759596
-0.75705
-0.754492
-0.751922
-0.749343
-0.746751
-0.744147
-0.741532
-0.738906
-0.736268
-0.733619
-0.730959
-0.728299
-0.725617
-0.722924
-0.720219
-0.717504
-0.714778
-0.71204
-0.709292
-0.706298
-0.703528
-0.700746
-0.697954
-0.695152
-0.692338
-0.689515
-0.68668
-0.683848
-0.680992
-0.678127
-0.675251
-0.672365
-0.669468
-0.666561
-0.663644
-0.660719
-0.657782
-0.654834
-0.651877
-0.64891
-0.645933
-0.642946
-0.639949
-0.63705
-0.634034
-0.631009
-0.627974
-0.624929
-0.621875
-0.618811
-0.615738
-0.612657
-0.609565
-0.606464
-0.603353
-0.600234
-0.597105
-0.593967
-0.59082
-0.587678
-0.584513
-0.581339
-0.578156
-0.574965
-0.571764
-0.568555
-0.565337
-0.562113
-0.558878
-0.555634
-0.552382
-0.549122
-0.545853
-0.542576
-0.539291
-0.536105
-0.532804
-0.529494
-0.526176
-0.522851
-0.519517
-0.516175
-0.512826
-0.50947
-0.506105
-0.502732
-0.499352
-0.495964
-0.492568
-0.489165
-0.485754
-0.482351
-0.478926
-0.475493
-0.472053
-0.468606
-0.465152
-0.46169
-0.458222
-0.454748
-0.451266
-0.447776
-0.44428
-0.440778
-0.437268
-0.433752
-0.430229
-0.426825
-0.423289
-0.419747
-0.416198
-0.412643
-0.409082
-0.405515
-0.401941
-0.398363
-0.394777
-0.391185
-0.387587
-0.383984
-0.380374
-0.376758
-0.373137
-0.369526
-0.365894
-0.362256
-0.358612
-0.354963
-0.351308
-0.347649
-0.343983
-0.340315
-0.336639
-0.332958
-0.329273
-0.325582
-0.321886
-0.318185
-0.314269
-0.310558
-0.306843
-0.303123
-0.299398
-0.295669
-0.291935
-0.288199
-0.284456
-0.280709
-0.276958
-0.273202
-0.269443
-0.265679
-0.261911
-0.258156
-0.25438
-0.250601
-0.246817
-0.24303
-0.239239
-0.235444
-0.231646
-0.227847
-0.224041
-0.220233
-0.216421
-0.212606
-0.208787
-0.204965
-0.201141
-0.197449
-0.193618
-0.189784
-0.185948
-0.182108
-0.178266
-0.174421
-0.170573
-0.166725
-0.162872
-0.159017
-0.155159
-0.1513
-0.147437
-0.143573
-0.139706
-0.135854
-0.131983
-0.12811
-0.124235
-0.120358
-0.116479
-0.112599
-0.108717
-0.104835
-0.100949
-0.0970624
-0.0931739
-0.0892842
-0.0853929
-0.0815003
-0.0776064
-0.0738389
-0.0699427
-0.0660455
-0.0621473
-0.0582484
-0.0543484
-0.0504475
-0.0465459
-0.0426457
-0.0387427
-0.0348391
-0.030935
-0.0270307
-0.0231257
-0.0192203
-0.0153147
-0.0114262
-0.00752014
-0.00361398
0.000684309
0.00459054
0.00849667
0.0124027
0.0162911
0.0201967
0.024102
0.0280069
0.0319111
0.0358151
0.0397185
0.0436214
0.0475214
0.0514228
0.0553235
0.0592233
0.063122
0.0670199
0.0709169
0.0748127
0.07858
0.0824736
0.0863658
0.0902568
0.0941461
0.0980343
0.101921
0.105806
0.109687
0.113569
0.117449
0.121328
0.125204
0.129078
0.132951
0.136821
0.140673
0.144539
0.148403
0.152265
0.156124
0.159981
0.163836
0.167688
0.171536
0.175383
0.179227
0.183069
0.186907
0.190743
0.194576
0.198406
0.202097
0.205921
0.209742
0.21356
0.217374
0.221185
0.224993
0.228797
0.232596
0.236393
0.240187
0.243977
0.247763
0.251546
0.255324
0.259099
0.262853
0.26662
0.270383
0.274142
0.277896
0.281646
0.285392
0.289134
0.292869
0.296602
0.30033
0.304053
0.307772
0.311486
0.315196
0.319111
0.32281
0.326505
0.330195
0.333879
0.337559
0.341233
0.3449
0.348564
0.352223
0.355876
0.359523
0.363166
0.366802
0.370434
0.374043
0.377663
0.381277
0.384885
0.388487
0.392084
0.395674
0.399259
0.402835
0.406407
0.409973
0.413533
0.417086
0.420633
0.424174
0.427708
0.43111
0.434631
0.438146
0.441654
0.445155
0.448649
0.452137
0.455618
0.45909
0.462556
0.466016
0.469469
0.472914
0.476352
0.479783
0.483206
0.486607
0.490016
0.493418
0.496812
0.500198
0.503576
0.506947
0.51031
0.513664
0.517011
0.520351
0.523683
0.527007
0.530322
0.53363
0.536822
0.540113
0.543396
0.546671
0.549938
0.553196
0.556446
0.559687
0.562919
0.566143
0.569358
0.572565
0.575763
0.578953
0.582133
0.585305
0.588454
0.591607
0.594752
0.597888
0.601014
0.604132
0.60724
0.610339
0.613427
0.616507
0.619578
0.622639
0.625691
0.628733
0.631766
0.634789
0.637695
0.6407
0.643694
0.646678
0.649653
0.652617
0.655572
0.658517
0.66145
0.664375
0.667289
0.670193
0.673087
0.675971
0.678844
0.681707
0.684547
0.68739
0.690221
0.693043
0.695853
0.698653
0.701443
0.704221
0.707226
0.70998
0.712726
0.71546
0.718184
0.720896
0.723598
0.726289
0.728968
0.731625
0.734282
0.736928
0.739563
0.742187
0.744799
0.7474
0.749989
0.752566
0.755132
0.757687
0.760231
0.762763
0.765283
0.767792
0.770288
0.772685
0.775159
0.777621
0.780071
0.782509
0.784935
0.787349
0.789751
0.79214
0.794518
0.796884
0.799238
0.801579
0.803909
0.806226
0.808531
0.810813
0.813093
0.815361
0.817616
0.819859
0.822089
0.824307
0.826512
0.828704
0.830884
0.833051
0.835205
0.837347
0.839476
0.841592
0.843627
0.845718
0.847796
0.849861
0.851913
0.853952
0.855978
0.857991
0.85999
0.861977
0.863951
0.865911
0.867858
0.869792
0.871713
0.873621
0.875506
0.877387
0.879255
0.881109
0.882949
0.884776
0.88659
0.88839
0.890175
0.891948
0.893708
0.895453
0.897185
0.898904
0.900608
0.902299
0.904334
0.905995
0.907641
0.909274
0.910892
0.912497
0.914088
0.915666
0.917228
0.918777
0.920312
0.921833
0.92334
0.924833
0.926311
0.927776
0.92922
0.930656
0.932079
0.933487
0.93488
0.93626
0.937625
0.938976
0.940311
0.941634
0.942941
0.944235
0.945514
0.946778
0.948028
0.949027
0.950251
0.95146
0.952655
0.953835
0.955001
0.956152
0.957289
0.958411
0.959518
0.960611
0.961689
0.962753
0.963802
0.964836
0.965851
0.966855
0.967845
0.96882
0.969781
0.970726
0.971657
0.972573
0.973474
0.97436
0.975232
0.976088
0.97693
0.977757
0.978568
0.979365
0.980313
0.981077
0.981826
0.98256
0.983278
0.983982
0.984671
0.985345
0.986003
0.986647
0.987276
0.987889
0.988488
0.989071
0.98964
0.990193
0.990729
0.991252
0.99176
0.992253
0.99273
0.993193
0.99364
0.994073
0.994489
0.994891
0.995278
0.99565
0.996006
0.996347
0.996673
0.996984
0.99727
0.997551
0.997817
0.998067
0.998302
0.998522
0.998727
0.998916
0.99909
0.999249
0.999393
0.999521
0.999635
0.999732
0.999815
0.999883
0.999935
0.999972
0.999993
1
0.999993
0.999972
0.999935
0.999883
0.999815
0.999732
0.999635
0.999521
0.999393
0.999249
0.99909
0.998916
0.998727
0.998522
0.998302
0.998067
0.997817
0.997551
0.99727
0.996984
0.996673
0.996347
0.996006
0.99565
0.995278
0.994891
0.994489
0.994073
0.99364
0.993193
0.99273
0.992253
0.99176
0.991252
0.990729
0.990193
0.98964
0.989071
0.988488
0.987889
0.987276
0.986647
0.986003
0.985345
0.984671
0.983982
0.983278
0.98256
0.981826
0.981077
0.980313
0.979365
0.978568
0.977757
0.97693
0.976088
0.975232
0.97436
0.973474
0.972573
0.971657
0.970726
0.969781
0.96882
0.967845
0.966855
0.965851
0.964836
0.963802
0.962753
0.961689
0.960611
0.959518
0.958411
0.957289
0.956152
0.955001
0.953835
0.952655
0.95146
0.950251
0.949027
0.948028
0.946778
0.945514
0.944235
0.942941
0.941634
0.940311
0.938976
0.937625
0.93626
0.93488
0.933487
0.932079
0.930656
0.92922
0.927776
0.926311
0.924833
0.92334
0.921833
0.920312
0.918777
0.917228
0.915666
0.914088
0.912497
0.910892
0.909274
0.907641
0.905995
0.904334
0.902299
0.900608
0.898904
0.897185
0.895453
0.893708
0.891948
0.890175
0.88839
0.88659
0.884776
0.882949
0.881109
0.879255
0.877387
0.875506
0.873621
0.871713
0.869792
0.867858
0.865911
0.863951
0.861977
0.85999
0.857991
0.855978
0.853952
0.851913
0.849861
0.847796
0.845718
0.843627
0.841592
0.839476
0.837347
0.835205
0.833051
0.830884
0.828704
0.826512
0.824307
0.822089
0.819859
0.817616
0.815361
0.813093
0.810813
0.808531
0.806226
0.803909
0.801579
0.799238
0.796884
0.794518
0.79214
0.789751
0.787349
0.784935
0.782509
0.780071
0.777621
0.775159
0.772685
0.770288
0.767792
0.765283
0.762763
0.760231
0.757687
0.755132
0.752566
0.749989
0.7474
0.744799
0.742187
0.739563
0.736928
0.734282
0.731625
0.728968
0.726289
0.723598
0.720896
0.718184
0.71546
0.712726
0.70998
0.707226
0.704221
0.701443
0.698653
0.695853
0.693043
0.690221
0.68739
0.684547
0.681707
0.678844
0.675971
0.673087
0.670193
0.667289
0.664375
0.66145
0.658517
0.655572
0.652617
0.649653
0.646678
0.643694
0.6407
0.637695
0.634789
0.631766
0.628733
0.625691
0.622639
0.619578
0.616507
0.613427
0.610339
0.60724
0.604132
0.601014
0.597888
0.594752
0.591607
0.588454
0.585305
0.582133
0.578953
0.575763
0.572565
0.569358
0.566143
0.562919
0.559687
0.556446
0.553196
0.549938
0.546671
0.543396
0.540113
0.536822
0.53363
0.530322
0.527007
0.523683
0.520351
0.517011
0.513664
0.51031
0.506947
0.503576
0.500198
0.496812
0.493418
0.490016
0.486607
0.483206
0.479783
0.476352
0.472914
0.469469
0.466016
0.462556
0.45909
0.455618
0.452137
0.448649
0.445155
0.441654
0.438146
0.434631
0.43111
0.427708
0.424174
0.420633
0.417086
0.413533
0.409973
0.406407
0.402835
0.399259
0.395674
0.392084
0.388487
0.384885
0.381277
0.377663
0.374043
0.370434
0.366802
0.363166
0.359523
0.355876
0.352223
0.348564
0.3449
0.341233
0.337559
0.333879
0.330195
0.326505
0.32281
0.319111
0.315196
0.311486
0.307772
0.304053
0.30033
0.296602
0.292869
0.289134
0.285392
0.281646
0.277896
0.274142
0.270383
0.26662
0.262853
0.259099
0.255324
0.251546
0.247763
0.243977
0.240187
0.236393
0.232596
0.228797
0.224993
0.221185
0.217374
0.21356
0.209742
0.205921
0.202097
0.198406
0.194576
0.190743
0.186907
0.183069
0.179227
0.175383
0.171536
0.167688
0.163836
0.159981
0.156124
0.152265
0.148403
0.144539
0.140673
0.136821
0.132951
0.129078
0.125204
0.121328
0.117449
0.113569
0.109687
0.105806
0.101921
0.0980343
0.0941461
0.0902568
0.0863658
0.0824736
0.07858
0.0748127
0.0709169
0.0670199
0.063122
0.0592233
0.0553235
0.0514228
0.0475214
0.0436214
0.0397185
0.0358151
0.0319111
0.0280069
0.024102
0.0201967
0.0162911
0.0124027
0.00849667
0.00459054
0.000684309
-0.00361398
-0.00752014
-0.0114262
-0.0153147
-0.0192203
-0.0231257
-0.0270307
-0.030935
-0.0348391
-0.0387427
-0.0426457
-0.0465459
-0.0504475
-0.0543484
-0.0582484
-0.0621473
-0.0660455
-0.0699427
-0.0738389
-0.0776064
-0.0815003
-0.0853929
-0.0892842
-0.0931739
-0.0970624
-0.100949
-0.104835
-0.108717
-0.112599
-0.116479
-0.120358
-0.124235
-0.12811
-0.131983
-0.135854
-0.139706
-0.143573
-0.147437
-0.1513
-0.155159
-0.159017
-0.162872
-0.166725
-0.170573
-0.174421
-0.178266
-0.182108
-0.185948
-0.189784
-0.193618
-0.197449
-0.201141
-0.204965
-0.208787
-0.212606
-0.216421
-0.220233
-0.224041
-0.227847
-0.231646
-0.235444
-0.239239
-0.24303
-0.246817
-0.250601
-0.25438
-0.258156
-0.261911
-0.265679
-0.269443
-0.273202
-0.276958
-0.280709
-0.284456
-0.288199
-0.291935
-0.295669
-0.299398
-0.303123
-0.306843
-0.310558
-0.314269
-0.318185
-0.321886
-0.325582
-0.329273
-0.332958
-0.336639
-0.340315
-0.343983
-0.347649
-0.351308
-0.354963
-0.358612
-0.362256
-0.365894
-0.369526
-0.373137
-0.376758
-0.380374
-0.383984
-0.387587
-0.391185
-0.394777
-0.398363
-0.401941
-0.405515
-0.409082
-0.412643
-0.416198
-0.419747
-0.423289
-0.426825
-0.430229
-0.433752
-0.437268
-0.440778
-0.44428
-0.447776
-0.451266
-0.454748
-0.458222
-0.46169
-0.465152
-0.468606
-0.472053
-0.475493
-0.478926
-0.482351
-0.485754
-0.489165
-0.492568
-0.495964
-0.499352
-0.502732
-0.506105
-0.50947
-0.512826
-0.516175
-0.519517
-0.522851
-0.526176
-0.529494
-0.532804
-0.536105
-0.539291
-0.542576
-0.545853
-0.549122
-0.552382
-0.555634
-0.558878
-0.562113
-0.565337
-0.568555
-0.571764
-0.574965
-0.578156
-0.581339
-0.584513
-0.587678
-0.59082
-0.593967
-0.597105
-0.600234
-0.603353
-0.606464
-0.609565
-0.612657
-0.615738
-0.618811
-0.621875
-0.624929
-0.627974
-0.631009
-0.634034
-0.63705
-0.639949
-0.642946
-0.645933
-0.64891
-0.651877
-0.654834
-0.657782
-0.660719
-0.663644
-0.666561
-0.669468
-0.672365
-0.675251
-0.678127
-0.680992
-0.683848
-0.68668
-0.689515
-0.692338
-0.695152
-0.697954
-0.700746
-0.703528
-0.706298
-0.709292
-0.71204
-0.714778
-0.717504
-0.720219
-0.722924
-0.725617
-0.728299
-0.730959
-0.733619
-0.736268
-0.738906
-0.741532
-0.744147
-0.746751
-0.749343
-0.751922
-0.754492
-0.75705
-0.759596
-0.762131
-0.764654
-0.767165
-0.769665
-0.772065
-0.774542
-0.777007
-0.779459
-0.7819
-0.78433
-0.786747
-0.789152
-0.791544
-0.793925
-0.796294
-0.798651
-0.800995
-0.803328
-0.805648
-0.807956
-0.810241
-0.812524
-0.814795
-0.817054
-0.819299
-0.821533
-0.823754
-0.825962
-0.828157
-0.83034
-0.83251
-0.834668
-0.836813
-0.838945
-0.841065
-0.843171
-0.845196
-0.847278
-0.849346
-0.851401
-0.853444
-0.855473
-0.857489
-0.859493
-0.861482
-0.863459
-0.865422
-0.867373
-0.86931
-0.871234
-0.873145
-0.875042
-0.876918
-0.878789
-0.880646
-0.88249
-0.884321
-0.886138
-0.887941
-0.889731
-0.891506
-0.893269
-0.895018
-0.896754
-0.898475
-0.900184
-0.901878
-0.903917
-0.905581
-0.907231
-0.908867
-0.910489
-0.912097
-0.913692
-0.915273
-0.916838
-0.918391
-0.919929
-0.921454
-0.922964
-0.924461
-0.925943
-0.927411
-0.928859
-0.930299
-0.931724
-0.933136
-0.934533
-0.935916
-0.937285
-0.938639
-0.939979
-0.941304
-0.942616
-0.943913
-0.945195
-0.946464
-0.947717
-0.948718
-0.949946
-0.951159
-0.952358
-0.953542
-0.954711
-0.955866
-0.957006
-0.958132
-0.959243
-0.960339
-0.961421
-0.962488
-0.963541
-0.964579
-0.965597
-0.966606
-0.967599
-0.968578
-0.969542
-0.970492
-0.971426
-0.972346
-0.97325
-0.97414
-0.975015
-0.975875
-0.976721
-0.977551
-0.978367
-0.979168
-0.98012
-0.980887
-0.98164
-0.982377
-0.9831
-0.983808
-0.9845
-0.985178
-0.98584
-0.986487
-0.98712
-0.987737
-0.98834
-0.988927
-0.989499
-0.990056
-0.990596
-0.991122
-0.991634
-0.992131
-0.992612
-0.993079
-0.99353
-0.993966
-0.994387
-0.994792
-0.995183
-0.995558
-0.995918
-0.996263
-0.996593
-0.996908
-0.997198
-0.997482
-0.997752
-0.998006
-0.998245
-0.998468
-0.998677
-0.99887
-0.999048
-0.999211
-0.999358
-0.999491
-0.999608
-0.999709
-0.999796
-0.999867
-0.999923
-0.999964
-0.999989
-1
-0.999996
-0.999978
-0.999945
-0.999897
-0.999833
-0.999755
-0.99966
-0.999551
-0.999426
-0.999286
-0.999131
-0.998961
-0.998775
-0.998574
-0.998358
-0.998127
-0.997881
-0.997619
-0.997342
-0.997059
-0.996752
-0.99643
-0.996093
-0.99574
-0.995373
-0.99499
-0.994591
-0.994178
-0.99375
-0.993306
-0.992848
-0.992374
-0.991885
-0.99138
-0.990861
-0.990329
-0.989779
-0.989215
-0.988635
-0.98804
-0.987431
-0.986806
-0.986166
-0.985511
-0.984841
-0.984156
-0.983456
-0.982741
-0.982011
-0.981265
-0.980505
-0.979562
-0.978769
-0.977961
-0.977138
-0.9763
-0.975447
-0.97458
-0.973697
-0.9728
-0.971888
-0.970961
-0.970019
-0.969062
-0.96809
-0.967104
-0.966103
-0.965092
-0.964061
-0.963016
-0.961957
-0.960882
-0.959793
-0.958689
-0.95757
-0.956438
-0.95529
-0.954128
-0.952951
-0.95176
-0.950554
-0.949334
-0.948339
-0.947092
-0.945831
-0.944556
-0.943266
-0.941962
-0.940643
-0.939311
-0.937964
-0.936602
-0.935227
-0.933836
-0.932432
-0.931013
-0.929581
-0.92814
-0.926679
-0.925204
-0.923714
-0.922211
-0.920693
-0.919162
-0.917616
-0.916058
-0.914484
-0.912897
-0.911295
-0.90968
-0.908051
-0.906408
-0.904751
-0.90272
-0.901033
-0.899331
-0.897616
-0.895888
-0.894145
-0.89239
-0.89062
-0.888838
-0.887041
-0.885231
-0.883407
-0.88157
-0.879719
-0.877855
-0.875978
-0.874095
-0.872191
-0.870274
-0.868343
-0.866399
-0.864442
-0.862472
-0.860488
-0.858493
-0.856483
-0.85446
-0.852424
-0.850375
-0.848314
-0.846239
-0.844151
-0.842119
-0.840006
-0.83788
-0.835742
-0.833591
-0.831427
-0.82925
-0.82706
-0.82486
-0.822645
-0.820418
-0.818178
-0.815926
-0.813661
-0.811384
-0.809095
-0.806803
-0.804489
-0.802163
-0.799825
-0.797474
-0.795111
-0.792736
-0.790349
-0.787951
-0.78554
-0.783117
-0.780681
-0.778234
-0.775775
-0.773305
-0.770822
-0.768417
-0.765911
-0.763394
-0.760865
-0.758325
-0.755772
-0.753209
-0.750633
-0.748048
-0.74545
-0.742841
-0.74022
-0.737588
-0.734945
-0.73229
-0.729625
-0.72696
-0.724272
-0.721573
-0.718863
-0.716142
-0.71341
-0.710668
-0.707914
-0.704914
-0.702138
-0.699352
-0.696554
-0.693746
-0.690928
-0.688099
-0.685259
-0.682422
-0.679561
-0.67669
-0.673809
-0.670918
-0.668016
-0.665104
-0.662182
-0.659252
-0.656309
-0.653357
-0.650395
-0.647423
-0.644441
-0.641449
-0.638447
-0.635544
-0.632523
-0.629492
-0.626452
-0.623403
-0.620344
-0.617276
-0.614198
-0.611112
-0.608016
-0.60491
-0.601794
-0.59867
-0.595537
-0.592394
-0.589243
-0.586096
-0.582927
-0.579749
-0.576561
-0.573366
-0.570161
-0.566947
-0.563725
-0.560496
-0.557257
-0.554009
-0.550753
-0.547489
-0.544216
-0.540935
-0.537645
-0.534456
-0.53115
-0.527836
-0.524514
-0.521185
-0.517847
-0.514502
-0.511148
-0.507789
-0.50442
-0.501043
-0.497659
-0.494267
-0.490867
-0.48746
-0.484046
-0.480639
-0.47721
-0.473774
-0.47033
-0.46688
-0.463422
-0.459957
-0.456485
-0.453008
-0.449522
-0.446029
-0.44253
-0.439024
-0.435511
-0.431991
-0.428465
-0.425058
-0.421519
-0.417973
-0.414421
-0.410864
-0.407299
-0.403729
-0.400152
-0.396571
-0.392982
-0.389387
-0.385786
-0.382179
-0.378567
-0.374948
-0.371324
-0.367711
-0.364075
-0.360435
-0.356788
-0.353136
-0.349479
-0.345817
-0.342149
-0.338478
-0.334799
-0.331116
-0.327428
-0.323735
-0.320036
-0.316333
-0.312414
-0.308701
-0.304983
-0.301261
-0.297534
-0.293802
-0.290068
-0.286328
-0.282583
-0.278834
-0.275081
-0.271323
-0.267561
-0.263795
-0.260042
-0.256269
-0.252491
-0.248709
-0.244924
-0.241135
-0.237342
-0.233546
-0.229748
-0.225944
-0.222137
-0.218327
-0.214514
-0.210697
-0.206877
-0.203053
-0.199363
-0.195534
-0.191702
-0.187866
-0.184029
-0.180188
-0.176344
-0.172498
-0.168651
-0.164799
-0.160945
-0.157089
-0.15323
-0.149369
-0.145505
-0.141639
-0.137789
-0.133919
-0.130047
-0.126173
-0.122297
-0.118419
-0.114539
-0.110658
-0.106777
-0.102892
-0.0990061
-0.0951183
-0.0912293
-0.0873387
-0.0834467
-0.0795535
-0.0757865
-0.0718909
-0.0679943
-0.0640966
-0.0601981
-0.0562985
-0.0523981
-0.0484968
-0.044597
-0.0406943
-0.036791
-0.0328871
-0.028983
-0.0250782
-0.0211731
-0.0172675
-0.0133792
-0.00947319
-0.00556709
-0.00166087
0.00263743
0.00654363
0.0104497
0.0143556
0.0182439
0.0221494
0.0260545
0.0299592
0.0338632
0.0377669
0.04167
0.0455725
0.0494722
0.0533733
0.0572735
0.0611729
0.0650711
0.0689685
0.0728649
0.0767602
0.0805269
0.0844198
0.0883115
0.0922015
0.0960904
0.0999778
0.103864
0.107746
0.111629
0.115509
0.119389
0.123266
0.127141
0.131015
0.134886
0.138739
0.142606
0.146471
0.150334
0.154195
0.158053
0.161909
0.165762
0.169611
0.17346
0.177305
0.181148
0.184988
0.188825
0.19266
0.196492
0.200184
0.20401
0.207832
0.211651
0.215467
0.21928
0.22309
0.226896
0.230696
0.234495
0.238291
0.242083
0.245871
0.249655
0.253436
0.257212
0.260968
0.264737
0.268502
0.272263
0.276019
0.279772
